index,x,y  # MediaPipe 468, image coords [0,1] y-down
0,0.284303,0.569561
1,0.276434,0.504104
2,0.280169,0.521059
3,0.260126,0.427558
4,0.274693,0.481851
5,0.273594,0.450632
6,0.273213,0.370117
7,0.162225,0.345229
8,0.270959,0.300204
9,0.269145,0.267715
10,0.262224,0.146348
11,0.284978,0.578291
12,0.286030,0.586587
13,0.286686,0.592875
14,0.287148,0.593594
15,0.287498,0.604240
16,0.288368,0.616491
17,0.289338,0.629061
18,0.292537,0.649925
19,0.277863,0.514443
20,0.263039,0.513280
21,0.103717,0.246694
22,0.208507,0.364352
23,0.192471,0.366384
24,0.176660,0.366946
25,0.155929,0.353666
26,0.221883,0.360788
27,0.178349,0.298188
28,0.199049,0.300996
29,0.161155,0.303281
30,0.151426,0.313459
31,0.143126,0.369479
32,0.236333,0.683016
33,0.155813,0.338227
34,0.099993,0.350174
35,0.125135,0.352917
36,0.196213,0.470917
37,0.261890,0.565964
38,0.265291,0.586622
39,0.242292,0.570074
40,0.228935,0.572977
41,0.248556,0.585076
42,0.235512,0.583266
43,0.210705,0.601075
44,0.263389,0.504401
45,0.259499,0.482222
46,0.131841,0.298837
47,0.229909,0.411429
48,0.230052,0.491199
49,0.228765,0.477640
50,0.146917,0.465260
51,0.259226,0.453114
52,0.166234,0.277759
53,0.145351,0.284174
54,0.116910,0.210575
55,0.237300,0.296867
56,0.216874,0.312204
57,0.195544,0.578046
58,0.132850,0.560677
59,0.242221,0.504365
60,0.253927,0.511410
61,0.209675,0.576051
62,0.213707,0.577608
63,0.137854,0.269663
64,0.230097,0.498936
65,0.195654,0.279871
66,0.191580,0.261171
67,0.171942,0.164223
68,0.125960,0.239994
69,0.181339,0.212325
70,0.123092,0.287102
71,0.112084,0.268478
72,0.263009,0.576773
73,0.245353,0.577723
74,0.232050,0.577511
75,0.245805,0.508166
76,0.211812,0.576756
77,0.221861,0.586706
78,0.216049,0.578801
79,0.247779,0.500588
80,0.238487,0.587356
81,0.251753,0.590101
82,0.267871,0.592491
83,0.269572,0.649794
84,0.267350,0.627382
85,0.266591,0.614706
86,0.267119,0.603259
87,0.268424,0.592878
88,0.238699,0.587675
89,0.235910,0.591541
90,0.233173,0.597261
91,0.231506,0.603711
92,0.212320,0.549883
93,0.109489,0.442376
94,0.279088,0.518920
95,0.228532,0.584005
96,0.225096,0.585704
97,0.258320,0.519354
98,0.235122,0.510425
99,0.256098,0.515807
100,0.213196,0.423443
101,0.185008,0.439007
102,0.226651,0.486166
103,0.138377,0.183147
104,0.148302,0.221620
105,0.160219,0.259986
106,0.226721,0.620870
107,0.230208,0.267098
108,0.220061,0.209482
109,0.212597,0.152702
110,0.163813,0.362929
111,0.126994,0.385997
112,0.230341,0.356061
113,0.138797,0.325092
114,0.240241,0.398838
115,0.237114,0.486009
116,0.111761,0.400416
117,0.136831,0.403800
118,0.156501,0.413663
119,0.187864,0.409383
120,0.210936,0.399591
121,0.227130,0.390613
122,0.258841,0.375074
123,0.115467,0.449670
124,0.126909,0.323114
125,0.269983,0.514114
126,0.232221,0.437252
127,0.097674,0.339839
128,0.239393,0.380263
129,0.225314,0.484919
130,0.148738,0.339452
131,0.236589,0.469325
132,0.119316,0.499537
133,0.230012,0.347888
134,0.246889,0.458810
135,0.165770,0.626231
136,0.171929,0.646746
137,0.107229,0.448181
138,0.143446,0.594439
139,0.104369,0.305563
140,0.237071,0.704254
141,0.272668,0.518773
142,0.217776,0.452869
143,0.112906,0.355070
144,0.178123,0.352645
145,0.191666,0.353039
146,0.219693,0.589877
147,0.121765,0.496272
148,0.268591,0.732620
149,0.221407,0.698560
150,0.199378,0.677493
151,0.265138,0.206292
152,0.299989,0.735885
153,0.204942,0.351188
154,0.217768,0.349129
155,0.226493,0.348791
156,0.116344,0.316658
157,0.214170,0.328073
158,0.199363,0.319286
159,0.184437,0.317504
160,0.170745,0.321244
161,0.162896,0.327616
162,0.097282,0.288418
163,0.168860,0.349649
164,0.281798,0.537378
165,0.228987,0.541196
166,0.241961,0.501750
167,0.259181,0.538098
168,0.272780,0.335229
169,0.191276,0.655811
170,0.213596,0.679225
171,0.265207,0.720685
172,0.150678,0.610345
173,0.225134,0.340317
174,0.249733,0.412382
175,0.298084,0.724534
176,0.243588,0.718231
177,0.115595,0.499547
178,0.252431,0.591087
179,0.249842,0.597745
180,0.248178,0.606910
181,0.247557,0.618533
182,0.246107,0.638819
183,0.224467,0.580280
184,0.221219,0.577504
185,0.218638,0.574745
186,0.200192,0.562096
187,0.138929,0.513172
188,0.249603,0.385589
189,0.240587,0.332072
190,0.231374,0.332903
191,0.228047,0.583618
192,0.143695,0.565289
193,0.255179,0.337871
194,0.240156,0.660310
195,0.273455,0.424191
196,0.259332,0.403322
197,0.273091,0.399265
198,0.240768,0.447272
199,0.296067,0.703937
200,0.294375,0.675954
201,0.266753,0.673920
202,0.200406,0.612393
203,0.210932,0.501572
204,0.219058,0.639484
205,0.170428,0.497971
206,0.195377,0.522945
207,0.160289,0.531789
208,0.264363,0.700893
209,0.233437,0.457561
210,0.191297,0.631549
211,0.213803,0.658662
212,0.183223,0.584376
213,0.129226,0.535476
214,0.165589,0.590189
215,0.126523,0.549055
216,0.183867,0.547425
217,0.241452,0.424275
218,0.242721,0.496884
219,0.235143,0.499266
220,0.247270,0.483353
221,0.226081,0.308906
222,0.197875,0.294109
223,0.173309,0.291394
224,0.154517,0.296713
225,0.143141,0.307891
226,0.138848,0.345894
227,0.101799,0.398865
228,0.151830,0.379644
229,0.168290,0.387225
230,0.190003,0.386149
231,0.210317,0.380644
232,0.225444,0.374295
233,0.235637,0.368659
234,0.103323,0.389475
235,0.236057,0.503686
236,0.249597,0.435797
237,0.252593,0.499953
238,0.261342,0.509781
239,0.253226,0.502441
240,0.240013,0.509668
241,0.264537,0.512734
242,0.267108,0.516327
243,0.235330,0.349693
244,0.243370,0.356928
245,0.248451,0.364108
246,0.158680,0.333252
247,0.146838,0.325245
248,0.287703,0.425186
249,0.392036,0.327612
250,0.294535,0.510306
251,0.456214,0.212774
252,0.347370,0.353261
253,0.363552,0.353137
254,0.380201,0.350624
255,0.400884,0.335150
256,0.332804,0.351553
257,0.370795,0.281936
258,0.349832,0.288159
259,0.389415,0.284777
260,0.401494,0.293584
261,0.418208,0.347364
262,0.357203,0.674838
263,0.398238,0.319910
264,0.471360,0.317013
265,0.438415,0.327598
266,0.367075,0.457086
267,0.306934,0.561492
268,0.307777,0.582178
269,0.329574,0.561922
270,0.346284,0.561700
271,0.326501,0.577699
272,0.341840,0.572292
273,0.372615,0.586739
274,0.289600,0.502160
275,0.290448,0.480159
276,0.423084,0.274487
277,0.326099,0.403629
278,0.327933,0.483733
279,0.328456,0.470053
280,0.421037,0.442169
281,0.288570,0.450216
282,0.379673,0.258571
283,0.404661,0.261910
284,0.433052,0.179004
285,0.305889,0.291384
286,0.333170,0.301906
287,0.385144,0.560729
288,0.469738,0.536107
289,0.316815,0.498777
290,0.305745,0.506682
291,0.369890,0.559735
292,0.366052,0.562007
293,0.412289,0.245657
294,0.330027,0.491292
295,0.347261,0.266985
296,0.348480,0.247340
297,0.358271,0.144946
298,0.422301,0.211646
299,0.352248,0.195323
300,0.432577,0.260995
301,0.444661,0.237870
302,0.307756,0.572499
303,0.328048,0.569858
304,0.344162,0.566904
305,0.314231,0.502622
306,0.368410,0.560736
307,0.357972,0.572849
308,0.364126,0.563559
309,0.308395,0.495296
310,0.339949,0.576383
311,0.325012,0.582698
312,0.307237,0.588752
313,0.316671,0.645042
314,0.312596,0.622943
315,0.311094,0.610727
316,0.309434,0.598707
317,0.307194,0.589733
318,0.340040,0.576813
319,0.342996,0.579949
320,0.346255,0.585636
321,0.348941,0.591628
322,0.359321,0.537089
323,0.482516,0.411497
324,0.351383,0.570858
325,0.354289,0.572003
326,0.302448,0.515395
327,0.326766,0.503572
328,0.304008,0.511828
329,0.345428,0.412195
330,0.376889,0.422962
331,0.332819,0.477916
332,0.401576,0.156141
333,0.392570,0.197448
334,0.383959,0.239605
335,0.357719,0.609651
336,0.308258,0.260538
337,0.310396,0.200447
338,0.312792,0.141975
339,0.393596,0.344437
340,0.438471,0.361122
341,0.323730,0.348703
342,0.417982,0.303252
343,0.313109,0.392911
344,0.317611,0.479718
345,0.458249,0.370631
346,0.427536,0.380074
347,0.405878,0.392904
348,0.372304,0.393966
349,0.346858,0.388551
350,0.328371,0.381827
351,0.288978,0.372274
352,0.458538,0.421452
353,0.431761,0.298278
354,0.285801,0.512344
355,0.324905,0.429755
356,0.480318,0.304795
357,0.314301,0.373398
358,0.335666,0.476323
359,0.407756,0.320137
360,0.317992,0.462715
361,0.478333,0.471859
362,0.323202,0.340523
363,0.303909,0.454150
364,0.430253,0.608209
365,0.431749,0.630390
366,0.475578,0.417153
367,0.451772,0.571880
368,0.459421,0.273401
369,0.360881,0.696794
370,0.285372,0.517179
371,0.342310,0.442719
372,0.453772,0.327300
373,0.375820,0.336441
374,0.362582,0.339071
375,0.360947,0.574719
376,0.458720,0.468993
377,0.332322,0.729316
378,0.381228,0.690319
379,0.403759,0.665842
380,0.348645,0.339456
381,0.335817,0.339557
382,0.327340,0.340475
383,0.444991,0.289332
384,0.337298,0.317394
385,0.350980,0.306168
386,0.365752,0.302758
387,0.379666,0.305075
388,0.388955,0.310791
389,0.471233,0.252941
390,0.385170,0.332568
391,0.338919,0.531953
392,0.316063,0.496221
393,0.305326,0.534091
394,0.405399,0.641495
395,0.383938,0.669205
396,0.331835,0.717027
397,0.453544,0.589953
398,0.327645,0.331526
399,0.300753,0.408308
400,0.358203,0.712424
401,0.472783,0.471707
402,0.325051,0.583284
403,0.327818,0.590096
404,0.330737,0.599203
405,0.332643,0.609537
406,0.339837,0.630450
407,0.354507,0.567363
408,0.356871,0.563645
409,0.359155,0.561028
410,0.376058,0.546916
411,0.437945,0.488824
412,0.300610,0.381218
413,0.309879,0.326308
414,0.320475,0.325503
415,0.351370,0.570476
416,0.442781,0.542094
417,0.292892,0.334615
418,0.349659,0.651801
419,0.288393,0.400871
420,0.313834,0.440908
421,0.323024,0.670126
422,0.386073,0.597525
423,0.354189,0.490067
424,0.369666,0.627260
425,0.398672,0.479346
426,0.374976,0.508114
427,0.415592,0.510806
428,0.329190,0.696683
429,0.324153,0.450218
430,0.399357,0.616262
431,0.378939,0.646996
432,0.399316,0.565798
433,0.456533,0.509374
434,0.421012,0.570581
435,0.466758,0.523336
436,0.391578,0.529957
437,0.312381,0.418298
438,0.312354,0.491001
439,0.322881,0.492979
440,0.304714,0.478514
441,0.321859,0.301358
442,0.348843,0.281169
443,0.374275,0.274498
444,0.395173,0.276958
445,0.409804,0.286235
446,0.420807,0.324088
447,0.475426,0.366491
448,0.408891,0.359396
449,0.391260,0.368853
450,0.368091,0.371804
451,0.346372,0.369619
452,0.330077,0.365632
453,0.318181,0.361780
454,0.482868,0.356009
455,0.323666,0.496984
456,0.301072,0.431094
457,0.301161,0.495666
458,0.294787,0.506459
459,0.301861,0.498408
460,0.320998,0.503561
461,0.291182,0.509896
462,0.290697,0.514632
463,0.317654,0.342960
464,0.308974,0.351311
465,0.303180,0.359166
466,0.394286,0.315722
467,0.408698,0.305123
468,0.191394,0.334688
469,0.209865,0.333915
470,0.191148,0.312863
471,0.173235,0.335439
472,0.191755,0.357252
473,0.363229,0.320356
474,0.381371,0.318357
475,0.361686,0.298542
476,0.344743,0.322040
477,0.364164,0.342412
